1.95000 127.13181 0
1.95100 125.77023 0
1.95200 124.43814 0
1.95300 123.13444 0
1.95400 121.85810 0
1.95500 120.60814 0
1.95600 119.38363 0
1.95700 118.18366 0
1.95800 117.00739 0
1.95900 115.85402 0
1.96000 114.72277 0
1.96100 113.61290 0
1.96200 112.52371 0
1.96300 111.45453 0
1.96400 110.40471 0
1.96500 109.37364 0
1.96600 108.36072 0
1.96700 107.36539 0
1.96800 106.38712 0
1.96900 105.42537 0
1.97000 104.47966 0
1.97100 103.54950 0
1.97200 102.63443 0
1.97300 101.73401 0
1.97400 100.84782 0
1.97500 99.97544 0
1.97600 99.11648 0
1.97700 98.27057 0
1.97800 97.43733 0
1.97900 96.61642 0
1.98000 95.80750 0
1.98100 95.01023 0
1.98200 94.22430 0
1.98300 93.44940 0
1.98400 92.68525 0
1.98500 91.93154 0
1.98600 91.18802 0
1.98700 90.45441 0
1.98800 89.73045 0
1.98900 89.01589 0
1.99000 88.31049 0
1.99100 87.61401 0
1.99200 86.92623 0
1.99300 86.24692 0
1.99400 85.57588 0
1.99500 84.91289 0
1.99600 84.25775 0
1.99700 83.61026 0
1.99800 82.97024 0
1.99900 82.33749 0
2.00000 81.71184 0
2.00100 81.09311 0
2.00200 80.48113 0
2.00300 79.87574 0
2.00400 79.27676 0
2.00500 78.68405 0
2.00600 78.09744 0
2.00700 77.51679 0
2.00800 76.94195 0
2.00900 76.37278 0
2.01000 75.80913 0
2.01100 75.25087 0
2.01200 74.69787 0
2.01300 74.14998 0
2.01400 73.60709 0
2.01500 73.06907 0
2.01600 72.53579 0
2.01700 72.00714 0
2.01800 71.48298 0
2.01900 70.96322 0
2.02000 70.44773 0
2.02100 69.93640 0
2.02200 69.42912 0
2.02300 68.92578 0
2.02400 68.42627 0
2.02500 67.93049 0
2.02600 67.43834 0
2.02700 66.94970 0
2.02800 66.46449 0
2.02900 65.98260 0
2.03000 65.50393 0
2.03100 65.02839 0
2.03200 64.55588 0
2.03300 64.08630 0
2.03400 63.61955 0
2.03500 63.15556 0
2.03600 62.69422 0
2.03700 62.23544 0
2.03800 61.77913 0
2.03900 61.32519 0
2.04000 60.87355 0
2.04100 60.42411 0
2.04200 59.97678 0
2.04300 59.53148 0
2.04400 59.08811 0
2.04500 58.64658 0
2.04600 58.20682 0
2.04700 57.76872 0
2.04800 57.33222 0
2.04900 56.89720 0
2.05000 56.46361 0
2.05100 56.03133 0
2.05200 55.60029 0
2.05300 55.17041 0
2.05400 54.74158 0
2.05500 54.31374 0
2.05600 53.88678 0
2.05700 53.46064 0
2.05800 53.03520 0
2.05900 52.61040 0
2.06000 52.18615 0
2.06100 51.76235 0
2.06200 51.33893 0
2.06300 50.91579 0
2.06400 50.49286 0
2.06500 50.07004 0
2.06600 49.64726 0
2.06700 49.22442 0
2.06800 48.80146 0
2.06900 48.37828 0
2.07000 47.95481 0
2.07100 47.53098 0
2.07200 47.10670 0
2.07300 46.68190 0
2.07400 46.25653 0
2.07500 45.83051 0
2.07600 45.40378 0
2.07700 44.97630 0
2.07800 44.54801 0
2.07900 44.11888 0
2.08000 43.68888 0
2.08100 43.25799 0
2.08200 42.82620 0
2.08300 42.39353 0
2.08400 41.96000 0
2.08500 41.52566 0
2.08600 41.09057 0
2.08700 40.65484 0
2.08800 40.21860 0
2.08900 39.78200 0
2.09000 39.34526 0
2.09100 38.90864 0
2.09200 38.47245 0
2.09300 38.03706 0
2.09400 37.60295 0
2.09500 37.17066 0
2.09600 36.74084 0
2.09700 36.31428 0
2.09800 35.89188 0
2.09900 35.47474 0
2.10000 35.06413 0
2.10100 34.66157 0
2.10200 34.26882 0
2.10300 33.88796 0
2.10400 33.52144 0
2.10500 33.17212 0
2.10600 32.84337 0
2.10700 32.53912 0
2.10800 32.26401 0
2.10900 32.02346 0
2.11000 31.82381 0
2.11100 31.67250 0
2.11200 31.57822 0
2.11300 31.55116 0
2.11400 31.60316 0
2.11500 31.74803 0
2.11600 32.00181 0
2.11700 32.38302 0
2.11800 32.91298 0
2.11900 33.61602 0
2.12000 34.51968 0
2.12100 35.65477 0
2.12200 37.05515 0
2.12300 38.75729 0
2.12400 40.79927 0
2.12500 43.21917 0
2.12600 46.05265 0
2.12700 49.32947 0
2.12800 53.06904 0
2.12900 57.27497 0
2.13000 61.92903 0
2.13100 66.98546 0
2.13200 72.36654 0
2.13300 77.96123 0
2.13400 83.62802 0
2.13500 89.20301 0
2.13600 94.51278 0
2.13700 99.39044 0
2.13800 103.69199 0
2.13900 107.30974 0
2.14000 110.18024 0
2.14100 112.28565 0
2.14200 113.64914 0
2.14300 114.32622 0
2.14400 114.39415 0
2.14500 113.94164 0
2.14600 113.06014 0
2.14700 111.83740 0
2.14800 110.35332 0
2.14900 108.67774 0
2.15000 106.86977 0
2.15100 104.97803 0
2.15200 103.04162 0
2.15300 101.09126 0
2.15400 99.15056 0
2.15500 97.23723 0
2.15600 95.36425 0
2.15700 93.54074 0
2.15800 91.77286 0
2.15900 90.06441 0
2.16000 88.41742 0
2.16100 86.83257 0
2.16200 85.30954 0
2.16300 83.84728 0
2.16400 82.44421 0
2.16500 81.09840 0
2.16600 79.80770 0
2.16700 78.56979 0
2.16800 77.38233 0
2.16900 76.24292 0
2.17000 75.14922 0
2.17100 74.09893 0
2.17200 73.08982 0
2.17300 72.11974 0
2.17400 71.18665 0
2.17500 70.28858 0
2.17600 69.42370 0
2.17700 68.59024 0
2.17800 67.78654 0
2.17900 67.01103 0
2.18000 66.26225 0
2.18100 65.53880 0
2.18200 64.83937 0
2.18300 64.16273 0
2.18400 63.50774 0
2.18500 62.87330 0
2.18600 62.25839 0
2.18700 61.66205 0
2.18800 61.08338 0
2.18900 60.52153 0
2.19000 59.97570 0
2.19100 59.44514 0
2.19200 58.92915 0
2.19300 58.42705 0
2.19400 57.93822 0
2.19500 57.46206 0
2.19600 56.99802 0
2.19700 56.54558 0
2.19800 56.10422 0
2.19900 55.67350 0
2.20000 55.25294 0
2.20100 54.84215 0
2.20200 54.44072 0
2.20300 54.04828 0
2.20400 53.66447 0
2.20500 53.28894 0
2.20600 52.92139 0
2.20700 52.56151 0
2.20800 52.20900 0
2.20900 51.86360 0
2.21000 51.52504 0
2.21100 51.19308 0
2.21200 50.86748 0
2.21300 50.54801 0
2.21400 50.23447 0
2.21500 49.92665 0
2.21600 49.62435 0
2.21700 49.32740 0
2.21800 49.03560 0
2.21900 48.74881 0
2.22000 48.46684 0
2.22100 48.18956 0
2.22200 47.91680 0
2.22300 47.64844 0
2.22400 47.38434 0
2.22500 47.12436 0
2.22600 46.86839 0
2.22700 46.61631 0
2.22800 46.36800 0
2.22900 46.12335 0
2.23000 45.88226 0
2.23100 45.64463 0
2.23200 45.41036 0
2.23300 45.17937 0
2.23400 44.95155 0
2.23500 44.72683 0
2.23600 44.50513 0
2.23700 44.28635 0
2.23800 44.07044 0
2.23900 43.85731 0
2.24000 43.64690 0
2.24100 43.43913 0
2.24200 43.23395 0
2.24300 43.03128 0
2.24400 42.83107 0
2.24500 42.63325 0
2.24600 42.43778 0
2.24700 42.24459 0
2.24800 42.05363 0
2.24900 41.86486 0
2.25000 41.67822 0
2.25100 41.49366 0
2.25200 41.31114 0
2.25300 41.13062 0
2.25400 40.95204 0
2.25500 40.77538 0
2.25600 40.60058 0
2.25700 40.42761 0
2.25800 40.25642 0
2.25900 40.08700 0
2.26000 39.91928 0
2.26100 39.75326 0
2.26200 39.58888 0
2.26300 39.42611 0
2.26400 39.26494 0
2.26500 39.10531 0
2.26600 38.94721 0
2.26700 38.79061 0
2.26800 38.63547 0
2.26900 38.48177 0
2.27000 38.32948 0
2.27100 38.17859 0
2.27200 38.02905 0
2.27300 37.88085 0
2.27400 37.73396 0
2.27500 37.58837 0
2.27600 37.44404 0
2.27700 37.30096 0
2.27800 37.15911 0
2.27900 37.01846 0
2.28000 36.87899 0
2.28100 36.74068 0
2.28200 36.60352 0
2.28300 36.46749 0
2.28400 36.33257 0
2.28500 36.19873 0
2.28600 36.06597 0
2.28700 35.93426 0
2.28800 35.80360 0
2.28900 35.67395 0
2.29000 35.54532 0
2.29100 35.41767 0
2.29200 35.29100 0
2.29300 35.16530 0
2.29400 35.04054 0
2.29500 34.91672 0
2.29600 34.79382 0
2.29700 34.67182 0
2.29800 34.55072 0
2.29900 34.43050 0
2.30000 34.31115 0
2.30100 34.19265 0
2.30200 34.07500 0
2.30300 33.95819 0
2.30400 33.84219 0
2.30500 33.72701 0
2.30600 33.61262 0
2.30700 33.49903 0
2.30800 33.38621 0
2.30900 33.27416 0
2.31000 33.16287 0
2.31100 33.05232 0
2.31200 32.94252 0
2.31300 32.83344 0
2.31400 32.72509 0
2.31500 32.61744 0
2.31600 32.51050 0
2.31700 32.40425 0
2.31800 32.29869 0
2.31900 32.19380 0
2.32000 32.08958 0
2.32100 31.98602 0
2.32200 31.88311 0
2.32300 31.78085 0
2.32400 31.67922 0
2.32500 31.57822 0
2.32600 31.47785 0
2.32700 31.37809 0
2.32800 31.27894 0
2.32900 31.18038 0
2.33000 31.08243 0
2.33100 30.98506 0
2.33200 30.88827 0
2.33300 30.79206 0
2.33400 30.69641 0
2.33500 30.60132 0
2.33600 30.50680 0
2.33700 30.41282 0
2.33800 30.31938 0
2.33900 30.22649 0
2.34000 30.13412 0
2.34100 30.04228 0
2.34200 29.95097 0
2.34300 29.86017 0
2.34400 29.76988 0
2.34500 29.68009 0
2.34600 29.59081 0
2.34700 29.50202 0
2.34800 29.41372 0
2.34900 29.32590 0
2.35000 29.23857 0
2.35100 29.15171 0
2.35200 29.06532 0
2.35300 28.97940 0
2.35400 28.89394 0
2.35500 28.80894 0
2.35600 28.72439 0
2.35700 28.64029 0
2.35800 28.55663 0
2.35900 28.47341 0
2.36000 28.39063 0
2.36100 28.30828 0
2.36200 28.22636 0
2.36300 28.14486 0
2.36400 28.06379 0
2.36500 27.98313 0
2.36600 27.90288 0
2.36700 27.82304 0
2.36800 27.74360 0
2.36900 27.66457 0
2.37000 27.58593 0
2.37100 27.50769 0
2.37200 27.42983 0
2.37300 27.35237 0
2.37400 27.27529 0
2.37500 27.19859 0
2.37600 27.12227 0
2.37700 27.04632 0
2.37800 26.97074 0
2.37900 26.89553 0
2.38000 26.82069 0
2.38100 26.74620 0
2.38200 26.67208 0
2.38300 26.59831 0
2.38400 26.52489 0
2.38500 26.45182 0
2.38600 26.37910 0
2.38700 26.30673 0
2.38800 26.23469 0
2.38900 26.16299 0
2.39000 26.09163 0
2.39100 26.02060 0
2.39200 25.94991 0
2.39300 25.87954 0
2.39400 25.80949 0
2.39500 25.73977 0
2.39600 25.67037 0
2.39700 25.60128 0
2.39800 25.53251 0
2.39900 25.46405 0
2.40000 25.39591 0
2.40100 25.32807 0
2.40200 25.26054 0
2.40300 25.19330 0
2.40400 25.12638 0
2.40500 25.05974 0
2.40600 24.99341 0
2.40700 24.92737 0
2.40800 24.86162 0
2.40900 24.79616 0
2.41000 24.73099 0
2.41100 24.66611 0
2.41200 24.60151 0
2.41300 24.53719 0
2.41400 24.47315 0
2.41500 24.40938 0
2.41600 24.34589 0
2.41700 24.28268 0
2.41800 24.21974 0
2.41900 24.15706 0
2.42000 24.09466 0
2.42100 24.03252 0
2.42200 23.97064 0
2.42300 23.90903 0
2.42400 23.84767 0
2.42500 23.78658 0
2.42600 23.72574 0
2.42700 23.66515 0
2.42800 23.60482 0
2.42900 23.54474 0
2.43000 23.48491 0
2.43100 23.42533 0
2.43200 23.36600 0
2.43300 23.30691 0
2.43400 23.24806 0
2.43500 23.18945 0
2.43600 23.13108 0
2.43700 23.07295 0
2.43800 23.01506 0
2.43900 22.95741 0
2.44000 22.89998 0
2.44100 22.84279 0
2.44200 22.78583 0
2.44300 22.72910 0
2.44400 22.67259 0
2.44500 22.61631 0
2.44600 22.56026 0
2.44700 22.50443 0
2.44800 22.44882 0
2.44900 22.39343 0
2.45000 22.33826 0
2.45100 22.28331 0
2.45200 22.22857 0
2.45300 22.17405 0
2.45400 22.11974 0
2.45500 22.06565 0
2.45600 22.01176 0
2.45700 21.95808 0
2.45800 21.90462 0
2.45900 21.85136 0
2.46000 21.79830 0
2.46100 21.74545 0
2.46200 21.69280 0
2.46300 21.64036 0
2.46400 21.58811 0
2.46500 21.53607 0
2.46600 21.48422 0
2.46700 21.43257 0
2.46800 21.38112 0
2.46900 21.32986 0
2.47000 21.27879 0
2.47100 21.22792 0
2.47200 21.17724 0
2.47300 21.12674 0
2.47400 21.07644 0
2.47500 21.02633 0
2.47600 20.97640 0
2.47700 20.92666 0
2.47800 20.87710 0
2.47900 20.82772 0
2.48000 20.77853 0
2.48100 20.72952 0
2.48200 20.68069 0
2.48300 20.63204 0
2.48400 20.58357 0
2.48500 20.53528 0
2.48600 20.48716 0
2.48700 20.43922 0
2.48800 20.39145 0
2.48900 20.34386 0
2.49000 20.29644 0
2.49100 20.24919 0
2.49200 20.20211 0
2.49300 20.15520 0
2.49400 20.10845 0
2.49500 20.06188 0
2.49600 20.01547 0
2.49700 19.96923 0
2.49800 19.92316 0
2.49900 19.87724 0
2.50000 19.83149 0
2.50100 19.78591 0
2.50200 19.74048 0
2.50300 19.69522 0
2.50400 19.65011 0
2.50500 19.60517 0
2.50600 19.56038 0
2.50700 19.51575 0
2.50800 19.47127 0
2.50900 19.42695 0
2.51000 19.38279 0
2.51100 19.33878 0
2.51200 19.29492 0
2.51300 19.25121 0
2.51400 19.20766 0
2.51500 19.16426 0
2.51600 19.12100 0
2.51700 19.07790 0
2.51800 19.03494 0
2.51900 18.99213 0
2.52000 18.94947 0
2.52100 18.90695 0
2.52200 18.86458 0
2.52300 18.82235 0
2.52400 18.78027 0
2.52500 18.73833 0
2.52600 18.69653 0
2.52700 18.65487 0
2.52800 18.61336 0
2.52900 18.57198 0
2.53000 18.53075 0
2.53100 18.48965 0
2.53200 18.44869 0
2.53300 18.40787 0
2.53400 18.36718 0
2.53500 18.32663 0
2.53600 18.28622 0
2.53700 18.24593 0
2.53800 18.20579 0
2.53900 18.16578 0
2.54000 18.12589 0
2.54100 18.08615 0
2.54200 18.04653 0
2.54300 18.00704 0
2.54400 17.96769 0
2.54500 17.92846 0
2.54600 17.88936 0
2.54700 17.85039 0
2.54800 17.81155 0
2.54900 17.77283 0
2.55000 17.73424 0
2.55100 17.69578 0
2.55200 17.65744 0
2.55300 17.61922 0
2.55400 17.58113 0
2.55500 17.54316 0
2.55600 17.50532 0
2.55700 17.46759 0
2.55800 17.42999 0
2.55900 17.39251 0
2.56000 17.35515 0
2.56100 17.31791 0
2.56200 17.28079 0
2.56300 17.24378 0
2.56400 17.20690 0
2.56500 17.17013 0
2.56600 17.13348 0
2.56700 17.09695 0
2.56800 17.06053 0
2.56900 17.02423 0
2.57000 16.98804 0
2.57100 16.95197 0
2.57200 16.91601 0
2.57300 16.88016 0
2.57400 16.84443 0
2.57500 16.80880 0
2.57600 16.77329 0
2.57700 16.73789 0
2.57800 16.70261 0
2.57900 16.66743 0
2.58000 16.63236 0
2.58100 16.59740 0
2.58200 16.56255 0
2.58300 16.52781 0
2.58400 16.49317 0
2.58500 16.45865 0
2.58600 16.42423 0
2.58700 16.38991 0
2.58800 16.35570 0
2.58900 16.32160 0
2.59000 16.28760 0
2.59100 16.25371 0
2.59200 16.21991 0
2.59300 16.18623 0
2.59400 16.15264 0
2.59500 16.11916 0
2.59600 16.08578 0
2.59700 16.05250 0
2.59800 16.01933 0
2.59900 15.98625 0
2.60000 15.95328 0
2.60100 15.92040 0
2.60200 15.88762 0
2.60300 15.85495 0
2.60400 15.82237 0
2.60500 15.78989 0
2.60600 15.75750 0
2.60700 15.72522 0
2.60800 15.69303 0
2.60900 15.66094 0
2.61000 15.62894 0
2.61100 15.59704 0
2.61200 15.56523 0
2.61300 15.53352 0
2.61400 15.50191 0
2.61500 15.47038 0
2.61600 15.43896 0
2.61700 15.40762 0
2.61800 15.37638 0
2.61900 15.34523 0
2.62000 15.31417 0
2.62100 15.28320 0
2.62200 15.25233 0
2.62300 15.22154 0
2.62400 15.19085 0
2.62500 15.16024 0
2.62600 15.12973 0
2.62700 15.09930 0
2.62800 15.06897 0
2.62900 15.03872 0
2.63000 15.00856 0
2.63100 14.97849 0
2.63200 14.94850 0
2.63300 14.91861 0
2.63400 14.88880 0
2.63500 14.85907 0
2.63600 14.82943 0
2.63700 14.79988 0
2.63800 14.77042 0
2.63900 14.74103 0
2.64000 14.71174 0
2.64100 14.68252 0
2.64200 14.65340 0
2.64300 14.62435 0
2.64400 14.59539 0
2.64500 14.56651 0
2.64600 14.53771 0
2.64700 14.50900 0
2.64800 14.48037 0
2.64900 14.45182 0
2.65000 14.42335 0
2.65100 14.39496 0
2.65200 14.36665 0
2.65300 14.33843 0
2.65400 14.31028 0
2.65500 14.28221 0
2.65600 14.25422 0
2.65700 14.22631 0
2.65800 14.19848 0
2.65900 14.17073 0
2.66000 14.14306 0
2.66100 14.11546 0
2.66200 14.08794 0
2.66300 14.06050 0
2.66400 14.03314 0
2.66500 14.00585 0
2.66600 13.97864 0
2.66700 13.95150 0
2.66800 13.92444 0
2.66900 13.89746 0
2.67000 13.87055 0
2.67100 13.84371 0
2.67200 13.81695 0
2.67300 13.79027 0
2.67400 13.76365 0
2.67500 13.73712 0
2.67600 13.71065 0
2.67700 13.68426 0
2.67800 13.65794 0
2.67900 13.63169 0
2.68000 13.60552 0
2.68100 13.57941 0
2.68200 13.55338 0
2.68300 13.52742 0
2.68400 13.50154 0
2.68500 13.47572 0
2.68600 13.44997 0
2.68700 13.42429 0
2.68800 13.39869 0
2.68900 13.37315 0
2.69000 13.34768 0
2.69100 13.32228 0
2.69200 13.29696 0
2.69300 13.27169 0
2.69400 13.24650 0
2.69500 13.22138 0
2.69600 13.19632 0
2.69700 13.17134 0
2.69800 13.14641 0
2.69900 13.12156 0
2.70000 13.09677 0
2.70100 13.07205 0
2.70200 13.04740 0
2.70300 13.02281 0
2.70400 12.99829 0
2.70500 12.97384 0
2.70600 12.94945 0
2.70700 12.92512 0
2.70800 12.90086 0
2.70900 12.87667 0
2.71000 12.85254 0
2.71100 12.82847 0
2.71200 12.80447 0
2.71300 12.78053 0
2.71400 12.75665 0
2.71500 12.73284 0
2.71600 12.70909 0
2.71700 12.68541 0
2.71800 12.66178 0
2.71900 12.63822 0
2.72000 12.61472 0
2.72100 12.59129 0
2.72200 12.56791 0
2.72300 12.54460 0
2.72400 12.52135 0
2.72500 12.49816 0
2.72600 12.47502 0
2.72700 12.45196 0
2.72800 12.42895 0
2.72900 12.40600 0
2.73000 12.38311 0
2.73100 12.36028 0
2.73200 12.33751 0
2.73300 12.31480 0
2.73400 12.29214 0
2.73500 12.26955 0
2.73600 12.24702 0
2.73700 12.22454 0
2.73800 12.20213 0
2.73900 12.17977 0
2.74000 12.15746 0
2.74100 12.13522 0
2.74200 12.11303 0
2.74300 12.09090 0
2.74400 12.06883 0
2.74500 12.04682 0
2.74600 12.02486 0
2.74700 12.00296 0
2.74800 11.98111 0
2.74900 11.95932 0
2.75000 11.93759 0
2.75100 11.91591 0
2.75200 11.89428 0
2.75300 11.87272 0
2.75400 11.85120 0
2.75500 11.82975 0
2.75600 11.80834 0
2.75700 11.78699 0
2.75800 11.76570 0
2.75900 11.74446 0
2.76000 11.72327 0
2.76100 11.70214 0
2.76200 11.68106 0
2.76300 11.66003 0
2.76400 11.63906 0
2.76500 11.61814 0
2.76600 11.59727 0
2.76700 11.57646 0
2.76800 11.55570 0
2.76900 11.53499 0
2.77000 11.51433 0
2.77100 11.49373 0
2.77200 11.47317 0
2.77300 11.45267 0
2.77400 11.43222 0
2.77500 11.41182 0
2.77600 11.39147 0
2.77700 11.37117 0
2.77800 11.35093 0
2.77900 11.33073 0
2.78000 11.31058 0
2.78100 11.29049 0
2.78200 11.27044 0
2.78300 11.25044 0
2.78400 11.23050 0
2.78500 11.21060 0
2.78600 11.19075 0
2.78700 11.17095 0
2.78800 11.15120 0
2.78900 11.13150 0
2.79000 11.11185 0
2.79100 11.09225 0
2.79200 11.07269 0
2.79300 11.05318 0
2.79400 11.03372 0
2.79500 11.01431 0
2.79600 10.99495 0
2.79700 10.97563 0
2.79800 10.95636 0
2.79900 10.93714 0
2.80000 10.91797 0
2.80100 10.89884 0
2.80200 10.87976 0
2.80300 10.86073 0
2.80400 10.84174 0
2.80500 10.82280 0
2.80600 10.80390 0
2.80700 10.78505 0
2.80800 10.76625 0
2.80900 10.74749 0
2.81000 10.72878 0
2.81100 10.71011 0
2.81200 10.69149 0
2.81300 10.67291 0
2.81400 10.65438 0
2.81500 10.63590 0
2.81600 10.61745 0
2.81700 10.59906 0
2.81800 10.58070 0
2.81900 10.56239 0
2.82000 10.54413 0
2.82100 10.52591 0
2.82200 10.50773 0
2.82300 10.48960 0
2.82400 10.47151 0
2.82500 10.45346 0
2.82600 10.43546 0
2.82700 10.41750 0
2.82800 10.39958 0
2.82900 10.38170 0
2.83000 10.36387 0
2.83100 10.34608 0
2.83200 10.32834 0
2.83300 10.31063 0
2.83400 10.29297 0
2.83500 10.27535 0
2.83600 10.25777 0
2.83700 10.24023 0
2.83800 10.22274 0
2.83900 10.20528 0
2.84000 10.18787 0
2.84100 10.17050 0
2.84200 10.15317 0
2.84300 10.13588 0
2.84400 10.11863 0
2.84500 10.10142 0
2.84600 10.08425 0
2.84700 10.06713 0
2.84800 10.05004 0
2.84900 10.03299 0
2.85000 10.01599 0
2.85100 9.99902 0
2.85200 9.98209 0
2.85300 9.96520 0
2.85400 9.94836 0
2.85500 9.93155 0
2.85600 9.91478 0
2.85700 9.89805 0
2.85800 9.88136 0
2.85900 9.86471 0
2.86000 9.84809 0
2.86100 9.83152 0
2.86200 9.81498 0
2.86300 9.79849 0
2.86400 9.78203 0
2.86500 9.76561 0
2.86600 9.74922 0
2.86700 9.73288 0
2.86800 9.71657 0
2.86900 9.70030 0
2.87000 9.68407 0
2.87100 9.66788 0
2.87200 9.65172 0
2.87300 9.63560 0
2.87400 9.61952 0
2.87500 9.60347 0
2.87600 9.58746 0
2.87700 9.57149 0
2.87800 9.55556 0
2.87900 9.53966 0
2.88000 9.52380 0
2.88100 9.50797 0
2.88200 9.49218 0
2.88300 9.47643 0
2.88400 9.46071 0
2.88500 9.44503 0
2.88600 9.42939 0
2.88700 9.41378 0
2.88800 9.39820 0
2.88900 9.38267 0
2.89000 9.36716 0
2.89100 9.35169 0
2.89200 9.33626 0
2.89300 9.32086 0
2.89400 9.30550 0
2.89500 9.29017 0
2.89600 9.27488 0
2.89700 9.25962 0
2.89800 9.24440 0
2.89900 9.22921 0
2.90000 9.21405 0
2.90100 9.19893 0
2.90200 9.18385 0
2.90300 9.16879 0
2.90400 9.15377 0
2.90500 9.13879 0
2.90600 9.12384 0
2.90700 9.10892 0
2.90800 9.09403 0
2.90900 9.07918 0
2.91000 9.06437 0
2.91100 9.04958 0
2.91200 9.03483 0
2.91300 9.02011 0
2.91400 9.00543 0
2.91500 8.99078 0
2.91600 8.97616 0
2.91700 8.96157 0
2.91800 8.94701 0
2.91900 8.93249 0
2.92000 8.91800 0
2.92100 8.90354 0
2.92200 8.88912 0
2.92300 8.87473 0
2.92400 8.86036 0
2.92500 8.84603 0
2.92600 8.83174 0
2.92700 8.81747 0
2.92800 8.80324 0
2.92900 8.78903 0
2.93000 8.77486 0
2.93100 8.76072 0
2.93200 8.74661 0
2.93300 8.73253 0
2.93400 8.71849 0
2.93500 8.70447 0
2.93600 8.69049 0
2.93700 8.67653 0
2.93800 8.66261 0
2.93900 8.64871 0
2.94000 8.63485 0
2.94100 8.62102 0
2.94200 8.60722 0
2.94300 8.59345 0
2.94400 8.57970 0
2.94500 8.56599 0
2.94600 8.55231 0
2.94700 8.53866 0
2.94800 8.52504 0
2.94900 8.51145 0
2.95000 8.49788 0
2.95100 8.48435 0
2.95200 8.47085 0
2.95300 8.45737 0
2.95400 8.44393 0
2.95500 8.43051 0
2.95600 8.41713 0
2.95700 8.40377 0
2.95800 8.39044 0
2.95900 8.37714 0
2.96000 8.36387 0
2.96100 8.35063 0
2.96200 8.33741 0
2.96300 8.32423 0
2.96400 8.31107 0
2.96500 8.29795 0
2.96600 8.28485 0
2.96700 8.27177 0
2.96800 8.25873 0
2.96900 8.24572 0
2.97000 8.23273 0
2.97100 8.21977 0
2.97200 8.20684 0
2.97300 8.19393 0
2.97400 8.18106 0
2.97500 8.16821 0
2.97600 8.15539 0
2.97700 8.14259 0
2.97800 8.12983 0
2.97900 8.11709 0
2.98000 8.10438 0
2.98100 8.09169 0
2.98200 8.07903 0
2.98300 8.06640 0
2.98400 8.05380 0
2.98500 8.04122 0
2.98600 8.02867 0
2.98700 8.01615 0
2.98800 8.00365 0
2.98900 7.99118 0
2.99000 7.97874 0
2.99100 7.96632 0
2.99200 7.95393 0
2.99300 7.94156 0
2.99400 7.92922 0
2.99500 7.91691 0
2.99600 7.90462 0
2.99700 7.89236 0
2.99800 7.88013 0
2.99900 7.86792 0
3.00000 7.85574 0
3.00100 7.84358 0
3.00200 7.83145 0
3.00300 7.81934 0
3.00400 7.80726 0
3.00500 7.79520 0
3.00600 7.78317 0
3.00700 7.77117 0
3.00800 7.75919 0
3.00900 7.74723 0
3.01000 7.73530 0
3.01100 7.72340 0
3.01200 7.71152 0
3.01300 7.69966 0
3.01400 7.68783 0
3.01500 7.67602 0
3.01600 7.66424 0
3.01700 7.65249 0
3.01800 7.64075 0
3.01900 7.62905 0
3.02000 7.61736 0
3.02100 7.60570 0
3.02200 7.59407 0
3.02300 7.58246 0
3.02400 7.57087 0
3.02500 7.55931 0
3.02600 7.54777 0
3.02700 7.53626 0
3.02800 7.52476 0
3.02900 7.51330 0
3.03000 7.50185 0
3.03100 7.49043 0
3.03200 7.47904 0
3.03300 7.46766 0
3.03400 7.45632 0
3.03500 7.44499 0
3.03600 7.43369 0
3.03700 7.42241 0
3.03800 7.41115 0
3.03900 7.39992 0
3.04000 7.38871 0
3.04100 7.37752 0
3.04200 7.36636 0
3.04300 7.35522 0
3.04400 7.34410 0
3.04500 7.33300 0
3.04600 7.32193 0
3.04700 7.31088 0
3.04800 7.29985 0
3.04900 7.28885 0
3.05000 7.27786 0
3.05100 7.26690 0
3.05200 7.25597 0
3.05300 7.24505 0
3.05400 7.23416 0
3.05500 7.22329 0
3.05600 7.21244 0
3.05700 7.20161 0
3.05800 7.19080 0
3.05900 7.18002 0
3.06000 7.16926 0
3.06100 7.15852 0
3.06200 7.14780 0
3.06300 7.13711 0
3.06400 7.12643 0
3.06500 7.11578 0
3.06600 7.10515 0
3.06700 7.09454 0
3.06800 7.08395 0
3.06900 7.07338 0
3.07000 7.06284 0
3.07100 7.05231 0
3.07200 7.04181 0
3.07300 7.03133 0
3.07400 7.02087 0
3.07500 7.01043 0
3.07600 7.00001 0
3.07700 6.98961 0
3.07800 6.97923 0
3.07900 6.96888 0
3.08000 6.95854 0
3.08100 6.94823 0
3.08200 6.93793 0
3.08300 6.92766 0
3.08400 6.91741 0
3.08500 6.90717 0
3.08600 6.89696 0
3.08700 6.88677 0
3.08800 6.87660 0
3.08900 6.86645 0
3.09000 6.85632 0
3.09100 6.84620 0
3.09200 6.83611 0
3.09300 6.82604 0
3.09400 6.81599 0
3.09500 6.80596 0
3.09600 6.79595 0
3.09700 6.78596 0
3.09800 6.77599 0
3.09900 6.76604 0
